data;
template this;
float x;
float y;
;
template dots;
float x;
float y;
float w;
float color;
;
;
this 0 0;
dots 0 242.8 2 0;
dots 0.4 242.8 2 0;
dots 0.8 242.8 2 0;
dots 1.2 242.8 2 0;
dots 1.6 242.8 2 0;
dots 2 242.8 2 0;
dots 2.4 242.8 2 0;
dots 2.8 242.8 2 0;
dots 3.2 242.8 2 0;
dots 3.6 242.8 2 0;
dots 4 242.8 2 0;
dots 4.4 242.8 2 0;
dots 4.8 242.8 2 0;
dots 5.2 242.8 2 0;
dots 5.6 242.8 2 0;
dots 6 242.8 2 0;
dots 6.4 242.8 2 0;
dots 6.8 242.8 2 0;
dots 7.2 242.8 2 0;
dots 7.6 242.8 2 0;
dots 8 242.8 2 0;
dots 8.4 242.8 2 0;
dots 8.8 242.8 2 0;
dots 9.2 242.8 2 0;
dots 9.6 242.8 2 0;
dots 10 242.8 2 0;
dots 10.4 242.8 2 0;
dots 10.8 242.8 2 0;
dots 11.2 242.8 2 0;
dots 11.6 242.8 2 0;
dots 12 242.8 2 0;
dots 12.4 242.8 2 0;
dots 12.8 242.8 2 0;
dots 13.2 242.8 2 0;
dots 13.6 242.8 2 0;
dots 14 242.8 2 0;
dots 14.4 242.8 2 0;
dots 14.8 242.8 2 0;
dots 15.2 242.8 2 0;
dots 15.6 242.8 2 0;
dots 16 242.8 2 0;
dots 16.4 242.8 2 0;
dots 16.8 242.8 2 0;
dots 17.2 242.8 2 0;
dots 17.6 242.8 2 0;
dots 18 242.8 2 0;
dots 18.4 242.8 2 0;
dots 18.8 242.8 2 0;
dots 19.2 242.8 2 0;
dots 19.6 242.8 2 0;
dots 20 242.8 2 0;
dots 20.4 242.8 2 0;
dots 20.8 242.8 2 0;
dots 21.2 242.8 2 0;
dots 21.6 242.8 2 0;
dots 22 242.8 2 0;
dots 22.4 242.8 2 0;
dots 22.8 242.8 2 0;
dots 23.2 242.8 2 0;
dots 23.6 242.8 2 0;
dots 24 242.8 2 0;
dots 24.4 242.8 2 0;
dots 24.8 242.8 2 0;
dots 25.2 242.8 2 0;
dots 25.6 242.8 2 0;
dots 26 243.2 2 0;
dots 32.4 19.6 2 0;
dots 32.8 18.8 2 0;
dots 33.2 18.8 2 0;
dots 33.2 38.4 2 0;
dots 33.2 40.4 2 0;
dots 33.6 19.6 2 0;
dots 33.6 20.4 2 0;
dots 68 364 2 0;
dots 68 365.6 2 0;
dots 68 367.2 2 0;
dots 68 373.6 2 0;
dots 68.4 355.6 2 0;
dots 68.8 355.6 2 0;
dots 72 211.2 2 0;
dots 72.4 211.2 2 0;
dots 92 255.2 2 0;
dots 92.4 255.2 2 0;
dots 92.8 255.2 2 0;
dots 93.2 255.2 2 0;
dots 93.6 255.2 2 0;
dots 94 255.2 2 0;
dots 94.4 255.2 2 0;
dots 94.8 255.2 2 0;
dots 95.2 255.2 2 0;
dots 95.6 123.2 2 0;
dots 96 122.8 2 0;
dots 96.4 122.8 2 0;
dots 96.8 122.8 2 0;
dots 97.2 122.8 2 0;
dots 97.6 122.8 2 0;
dots 98 122.8 2 0;
dots 98.4 122.8 2 0;
dots 98.8 122.8 2 0;
dots 99.2 122.8 2 0;
dots 99.6 122.8 2 0;
dots 100 122.8 2 0;
dots 100.4 122.8 2 0;
dots 100.8 122.8 2 0;
dots 101.2 122.8 2 0;
dots 101.6 122.8 2 0;
dots 102 122.8 2 0;
dots 102.4 122.8 2 0;
dots 102.8 122.8 2 0;
dots 103.2 122.8 2 0;
dots 103.6 122.8 2 0;
dots 104 122.8 2 0;
dots 104.4 122.8 2 0;
dots 104.8 122.8 2 0;
dots 105.2 122.8 2 0;
dots 105.6 122.8 2 0;
dots 106 122.8 2 0;
dots 106.4 122.8 2 0;
dots 106.8 122.8 2 0;
dots 107.2 122.8 2 0;
dots 107.6 122.8 2 0;
dots 108 122.8 2 0;
dots 108.4 122.8 2 0;
dots 108.8 122.8 2 0;
dots 109.2 122.8 2 0;
dots 109.6 122.8 2 0;
dots 110 122.8 2 0;
dots 110.4 122.8 2 0;
dots 110.8 122.8 2 0;
dots 111.2 122.8 2 0;
dots 111.6 122.8 2 0;
dots 112 122.8 2 0;
dots 112.4 122.8 2 0;
dots 138 84.8 2 0;
dots 138.4 84.4 2 0;
dots 138.8 84.4 2 0;
dots 139.2 84.8 2 0;
dots 139.6 84.8 2 0;
dots 140 84.8 2 0;
dots 140.4 84.8 2 0;
dots 140.8 84.8 2 0;
dots 141.2 84.8 2 0;
dots 141.6 84.8 2 0;
dots 144.4 227.6 2 0;
dots 144.8 227.2 2 0;
dots 145.2 227.2 2 0;
dots 145.6 227.2 2 0;
dots 146 227.2 2 0;
dots 146.4 227.2 2 0;
dots 146.8 227.2 2 0;
dots 147.2 227.2 2 0;
dots 147.6 227.2 2 0;
dots 148 227.2 2 0;
dots 148.4 227.2 2 0;
dots 148.8 227.2 2 0;
dots 149.2 227.2 2 0;
dots 149.6 227.2 2 0;
dots 150 227.2 2 0;
dots 150.4 227.2 2 0;
dots 150.8 227.2 2 0;
dots 151.2 227.2 2 0;
dots 151.6 227.2 2 0;
dots 152 227.2 2 0;
dots 152.4 227.2 2 0;
dots 152.8 227.2 2 0;
dots 153.2 227.2 2 0;
dots 153.2 399.6 2 0;
dots 153.6 227.2 2 0;
dots 153.6 399.6 2 0;
dots 154 227.2 2 0;
dots 154 399.2 2 0;
dots 154.4 227.2 2 0;
dots 154.4 399.6 2 0;
dots 154.8 227.2 2 0;
dots 155.2 227.2 2 0;
dots 155.6 227.2 2 0;
dots 156 227.2 2 0;
dots 156.4 227.2 2 0;
dots 156.8 227.6 2 0;
dots 173.2 289.6 2 0;
dots 173.6 289.6 2 0;
dots 174 289.6 2 0;
dots 174.4 289.6 2 0;
dots 174.8 289.6 2 0;
dots 175.2 289.6 2 0;
dots 175.2 291.2 2 0;
dots 175.6 289.6 2 0;
dots 176 289.6 2 0;
dots 176.4 289.6 2 0;
dots 176.8 290 2 0;
dots 177.2 289.6 2 0;
dots 177.6 289.6 2 0;
dots 177.6 291.6 2 0;
dots 177.6 343.6 2 0;
dots 178 289.6 2 0;
dots 178 291.6 2 0;
dots 178 343.6 2 0;
dots 178.4 289.6 2 0;
dots 178.4 291.6 2 0;
dots 178.4 343.6 2 0;
dots 178.8 289.6 2 0;
dots 178.8 343.6 2 0;
dots 179.2 289.6 2 0;
dots 179.2 343.6 2 0;
dots 179.6 289.6 2 0;
dots 179.6 291.2 2 0;
dots 179.6 343.6 2 0;
dots 180 290 2 0;
dots 180 343.6 2 0;
dots 180.4 289.6 2 0;
dots 180.4 292 2 0;
dots 180.4 343.6 2 0;
dots 180.8 290 2 0;
dots 180.8 292 2 0;
dots 180.8 343.6 2 0;
dots 181.2 290 2 0;
dots 181.2 343.6 2 0;
dots 181.6 289.6 2 0;
dots 181.6 343.6 2 0;
dots 182 289.6 2 0;
dots 182 343.6 2 0;
dots 182.4 289.6 2 0;
dots 182.4 291.6 2 0;
dots 182.4 343.6 2 0;
dots 182.8 289.6 2 0;
dots 182.8 291.2 2 0;
dots 182.8 343.6 2 0;
dots 183.2 290 2 0;
dots 183.2 343.6 2 0;
dots 183.6 289.6 2 0;
dots 183.6 343.6 2 0;
dots 184 290 2 0;
dots 184 343.6 2 0;
dots 184.4 289.6 2 0;
dots 184.4 343.6 2 0;
dots 184.8 289.6 2 0;
dots 184.8 344 2 0;
dots 185.2 289.6 2 0;
dots 185.6 289.6 2 0;
dots 186 289.6 2 0;
dots 186.4 289.6 2 0;
dots 186.8 289.6 2 0;
dots 187.2 289.6 2 0;
dots 187.6 160.8 2 0;
dots 187.6 162.4 2 0;
dots 187.6 289.6 2 0;
dots 188 143.2 2 0;
dots 188 289.6 2 0;
dots 188.4 143.2 2 0;
dots 188.4 289.6 2 0;
dots 188.8 289.6 2 0;
dots 189.2 290 2 0;
dots 189.6 290 2 0;
dots 232.8 53.2 2 0;
dots 232.8 58 2 0;
dots 232.8 73.2 2 0;
dots 232.8 86.8 2 0;
dots 233.2 52.8 2 0;
dots 233.6 52.8 2 0;
dots 234 52.8 2 0;
dots 234 353.2 2 0;
dots 234.4 53.6 2 0;
dots 234.4 58 2 0;
dots 234.4 62.4 2 0;
dots 234.4 64.4 2 0;
dots 234.4 353.2 2 0;
dots 234.8 353.2 2 0;
dots 235.2 353.2 2 0;
dots 235.6 353.2 2 0;
dots 236 353.2 2 0;
dots 236.4 353.2 2 0;
dots 236.8 353.6 2 0;
dots 236.8 355.6 2 0;
dots 237.2 353.2 2 0;
dots 237.6 353.2 2 0;
dots 237.6 355.6 2 0;
dots 237.6 360 2 0;
dots 238 353.2 2 0;
dots 238 355.6 2 0;
dots 238 359.2 2 0;
dots 238.4 353.6 2 0;
dots 238.4 359.2 2 0;
dots 238.8 353.6 2 0;
dots 239.2 353.6 2 0;
dots 239.6 353.6 2 0;
dots 245.2 136 2 0;
dots 245.6 135.6 2 0;
dots 246 135.6 2 0;
dots 246.4 135.6 2 0;
dots 246.8 136 2 0;
dots 247.2 135.6 2 0;
dots 247.6 135.6 2 0;
dots 247.6 241.2 2 0;
dots 248 136 2 0;
dots 248 241.2 2 0;
dots 248.4 135.6 2 0;
dots 248.4 241.2 2 0;
dots 248.8 136 2 0;
dots 248.8 241.6 2 0;
dots 249.2 136 2 0;
dots 249.2 241.6 2 0;
dots 249.6 135.6 2 0;
dots 249.6 241.6 2 0;
dots 250 135.6 2 0;
dots 250.4 135.6 2 0;
dots 250.8 135.6 2 0;
dots 251.2 135.6 2 0;
dots 251.6 136 2 0;
dots 252 135.6 2 0;
dots 252.4 136 2 0;
dots 252.8 136 2 0;
dots 253.2 136 2 0;
dots 253.6 136 2 0;
dots 254 136 2 0;
dots 254 288.4 2 0;
dots 254.4 136 2 0;
dots 254.4 288.4 2 0;
dots 254.8 136 2 0;
dots 254.8 288.4 2 0;
dots 255.2 136 2 0;
dots 255.2 288.4 2 0;
dots 255.6 136 2 0;
dots 255.6 288.4 2 0;
dots 256 136 2 0;
dots 256 288.4 2 0;
dots 256.4 136 2 0;
dots 256.4 288.4 2 0;
dots 256.8 136 2 0;
dots 256.8 288.4 2 0;
dots 257.2 136 2 0;
dots 257.2 288.4 2 0;
dots 257.6 136 2 0;
dots 257.6 288.4 2 0;
dots 258 136 2 0;
dots 258 288.4 2 0;
dots 258.4 136 2 0;
dots 258.4 288.4 2 0;
dots 258.8 136 2 0;
dots 258.8 288.4 2 0;
dots 259.2 136 2 0;
dots 259.2 288.4 2 0;
dots 259.6 136 2 0;
dots 259.6 288.4 2 0;
dots 260 136 2 0;
dots 260 288.4 2 0;
dots 260.4 136 2 0;
dots 260.4 288.4 2 0;
dots 260.8 136 2 0;
dots 260.8 288.4 2 0;
dots 261.2 135.6 2 0;
dots 261.2 288.4 2 0;
dots 261.6 136 2 0;
dots 261.6 288.4 2 0;
dots 262 137.6 2 0;
dots 262 288.4 2 0;
dots 262.4 288.4 2 0;
dots 262.8 288.4 2 0;
dots 263.2 288.4 2 0;
dots 263.6 288.4 2 0;
dots 264 288.4 2 0;
dots 264.4 288.4 2 0;
dots 264.8 288.4 2 0;
dots 265.2 288.4 2 0;
dots 265.6 288.4 2 0;
dots 266 288.4 2 0;
dots 266.4 288.4 2 0;
dots 266.8 288.4 2 0;
dots 267.2 288.4 2 0;
dots 267.6 288.4 2 0;
dots 268 288.4 2 0;
dots 268.4 288.4 2 0;
dots 268.8 288.4 2 0;
dots 269.2 288.4 2 0;
dots 269.6 288.4 2 0;
dots 270 288.4 2 0;
dots 270.4 288.4 2 0;
dots 270.8 288.4 2 0;
dots 271.2 288.4 2 0;
dots 271.6 288.4 2 0;
dots 272 288.4 2 0;
dots 272.4 288.4 2 0;
dots 272.8 288 2 0;
dots 273.2 288 2 0;
dots 273.6 288 2 0;
dots 274 288.4 2 0;
dots 274.4 288.4 2 0;
dots 274.8 288 2 0;
dots 275.2 288 2 0;
dots 275.6 288 2 0;
dots 276 288 2 0;
dots 276.4 288.4 2 0;
dots 276.8 288.4 2 0;
dots 277.2 288 2 0;
dots 277.6 288.4 2 0;
dots 278 288 2 0;
dots 278.4 288 2 0;
dots 278.8 288 2 0;
dots 279.2 288 2 0;
dots 279.6 288 2 0;
dots 280 288.4 2 0;
dots 312.8 123.2 2 0;
dots 312.8 124.8 2 0;
dots 313.2 122.8 2 0;
dots 313.6 122.8 2 0;
dots 314 122.8 2 0;
dots 314.4 122.8 2 0;
dots 314.8 122.8 2 0;
dots 315.2 122.8 2 0;
dots 315.6 122.8 2 0;
dots 317.2 207.6 2 0;
dots 317.6 207.6 2 0;
dots 321.6 373.2 2 0;
dots 321.6 380 2 0;
dots 321.6 383.2 2 0;
dots 321.6 385.6 2 0;
dots 322 362.8 2 0;
dots 322.4 362.4 2 0;
dots 322.8 362.4 2 0;
dots 323.2 362.4 2 0;
dots 323.6 362.8 2 0;
dots 323.6 366.8 2 0;
dots 323.6 373.6 2 0;
dots 323.6 375.6 2 0;
dots 323.6 379.6 2 0;
dots 323.6 384.8 2 0;
dots 327.2 385.2 2 0;
dots 327.6 384.8 2 0;
dots 328 384.8 2 0;
dots 328.4 385.2 2 0;
dots 328.8 385.2 2 0;
dots 329.2 385.2 2 0;
dots 329.6 385.2 2 0;
dots 330 386 2 0;
dots 353.2 323.6 2 0;
dots 372.4 187.2 2 0;
dots 372.8 187.2 2 0;
dots 373.2 187.2 2 0;
dots 373.6 187.2 2 0;
dots 374 187.2 2 0;
dots 374.4 187.2 2 0;
dots 374.8 187.2 2 0;
dots 375.2 187.2 2 0;
dots 375.6 187.2 2 0;
dots 376 187.2 2 0;
dots 376.4 187.2 2 0;
dots 376.8 187.2 2 0;
dots 377.2 187.2 2 0;
dots 377.6 187.2 2 0;
dots 378 187.2 2 0;
dots 378.4 187.2 2 0;
dots 378.8 187.2 2 0;
dots 379.2 187.2 2 0;
dots 379.6 187.6 2 0;
dots 380 187.2 2 0;
dots 380.4 187.2 2 0;
dots 380.8 187.2 2 0;
dots 381.2 187.2 2 0;
dots 381.6 187.2 2 0;
dots 382 187.2 2 0;
dots 382.4 187.2 2 0;
dots 382.8 187.2 2 0;
dots 383.2 187.2 2 0;
dots 383.6 187.2 2 0;
dots 384 187.2 2 0;
dots 384.4 187.2 2 0;
dots 384.8 187.2 2 0;
dots 385.2 187.2 2 0;
dots 385.6 187.2 2 0;
dots 386 187.2 2 0;
dots 386.4 187.2 2 0;
dots 386.8 187.2 2 0;
dots 387.2 187.2 2 0;
dots 387.6 187.2 2 0;
dots 388 187.2 2 0;
dots 388.4 187.2 2 0;
dots 388.8 187.2 2 0;
dots 398 257.6 2 0;
dots 398.4 257.2 2 0;
dots 398.8 257.2 2 0;
dots 399.2 257.2 2 0;
dots 399.2 355.6 2 0;
dots 399.6 257.6 2 0;
dots 399.6 355.6 2 0;
dots 400 257.6 2 0;
dots 400 355.6 2 0;
this 0 0;
this 0 0;
