100 18 48 35 58 0 21 0 39 0 0 42 0 18 0 0 100 60 0 11 0 0 0 19 0 0 0 0 0 0 0 15 41 0 17 0 0 0
100 23 45 0 0 0 17 0 61 0 0 0 0 0 0 0 0 0 0 0 0 0 0 0 45 0 0 32 0 0 34 0 0 0 42 0 0 0
100 0 18 0 0 0 0 0 0 0 0 0 0 0 0 0 0 0 0 0 0 0 0 0 0 0 0 0 0 0 0 0 0 0 0 66 90 0
100 0 28 0 0 0 25 0 25 0 1 0 0 0 0 0 37 0 0 0 0 0 0 21 0 0 0 0 0 0 0 0 32 0 10 0 0 0
100 41 75 100 100 0 30 0 56 0 0 49 0 27 0 56 60 31 3 0 6 28 0 10 20 47 27 85 31 0 33 45 12 35 50 5 87 21
100 21 76 36 55 0 100 0 100 0 0 16 0 70 0 3 23 0 0 0 0 21 0 55 24 13 6 0 9 6 0 35 0 63 74 24 38 7
100 5 20 36 1 0 54 9 78 0 0 0 0 0 0 3 10 0 0 6 0 0 0 15 3 0 0 0 0 40 7 0 0 8 16 9 17 0
100 19 61 14 37 0 18 0 25 0 0 0 0 100 0 0 14 0 33 78 0 0 0 30 6 8 53 0 33 3 6 0 0 16 50 2 13 0
7 78 36 100 24 73 100 9 47 0 0 80 54 51 61 77 24 32 15 51 0 0 0 65 84 15 51 0 15 3 6 31 100 98 51 12 83 15
0 87 83 60 30 45 81 0 91 0 41 78 33 51 19 62 12 0 15 28 0 24 1 57 14 5 18 11 0 23 3 19 72 97 72 44 73 0
18 100 45 73 54 3 50 7 15 12 0 29 7 15 0 51 79 6 6 39 0 0 93 66 39 25 29 0 0 0 0 29 40 83 73 48 54 30
9 43 33 0 0 0 0 0 0 0 0 17 0 24 0 0 37 12 0 0 0 0 0 51 0 0 0 0 0 0 0 8 0 12 90 0 33 0
0 38 52 7 9 0 2 8 0 0 0 0 0 31 0 0 42 9 0 42 0 0 0 25 1 0 0 0 26 9 9 33 0 0 100 10 60 17
24 64 34 71 54 63 42 18 0 51 0 24 0 83 27 69 0 0 0 58 0 0 100 39 0 3 21 3 0 30 0 0 83 0 0 24 62 93
0 0 0 0 60 0 47 0 0 0 0 0 0 0 0 0 0 0 0 0 0 0 32 53 0 0 0 0 0 0 0 15 29 0 0 0 0 0
7 100 48 74 40 36 17 34 8 9 0 0 0 69 0 1 6 8 4 16 82 0 0 51 22 14 81 49 30 9 46 38 10 29 64 100 13 26
0 42 43 51 11 2 15 5 16 0 0 0 0 0 0 0 0 0 0 30 68 0 3 30 66 20 35 7 0 3 22 10 0 27 54 20 0 0
0 0 13 24 9 5 0 46 18 19 0 0 0 0 0 18 2 0 0 0 0 0 0 0 0 0 0 0 0 0 7 0 0 0 0 27 10 0
0 43 14 12 38 3 57 17 6 0 0 0 0 37 9 3 9 0 0 14 0 0 0 0 0 13 0 17 0 18 5 59 0 7 12 45 63 100
0 1 16 0 43 0 0 67 100 8 0 0 0 42 14 13 30 21 40 18 0 0 0 8 75 84 39 20 40 14 26 33 0 31 81 72 56 75
0 21 11 12 0 0 12 0 0 0 0 50 0 57 0 16 0 0 0 65 0 0 0 24 0 0 0 0 0 0 0 11 0 3 9 19 41 33
11 56 8 44 62 78 90 0 27 0 0 0 0 0 9 36 4 0 0 0 0 0 0 21 41 30 16 7 0 6 73 37 96 0 14 3 12 0
0 100 51 90 7 61 23 9 6 1 8 0 4 54 7 45 27 6 0 33 0 0 33 44 12 21 43 40 47 5 22 51 0 28 77 15 100 69
93 100 69 84 81 39 100 5 3 0 0 20 0 51 0 18 81 5 6 24 88 7 6 99 18 34 12 62 13 0 0 9 57 75 26 79 96 47
0 91 65 98 100 2 0 0 0 0 0 0 0 0 0 7 53 70 0 0 0 0 0 47 0 0 0 0 0 0 0 0 0 0 20 0 46 0
0 54 25 55 61 0 79 0 0 0 0 0 0 0 0 0 0 31 0 0 0 0 0 0 0 0 0 0 0 0 0 0 83 0 0 0 8 0
0 53 0 12 39 0 100 0 0 0 0 0 0 0 0 0 0 0 0 0 0 0 0 0 0 37 11 0 0 0 0 0 13 0 21 0 8 0
0 40 45 53 0 19 34 0 0 0 0 0 0 0 0 44 0 0 0 0 0 0 10 63 0 0 0 0 0 0 0 0 30 0 94 0 5 0
63 23 31 34 0 20 46 0 0 0 0 0 0 0 0 0 0 0 0 0 0 0 0 0 0 0 0 0 0 0 0 75 0 0 46 0 0 0
39 81 66 69 90 43 74 0 0 0 0 0 0 0 0 59 0 0 0 0 0 0 0 64 0 0 0 0 0 0 0 80 0 29 23 0 0 0
0 20 35 25 100 0 0 0 0 0 0 0 0 0 0 0 0 0 0 0 0 0 0 52 0 0 0 0 0 0 0 64 0 0 30 0 0 0
0 0 0 0 0 0 0 0 0 0 0 0 0 0 0 0 0 0 0 0 0 0 0 0 0 0 0 0 0 0 0 0 0 0 0 0 0 0
0 0 28 0 17 0 43 0 0 30 0 0 0 0 0 0 0 0 0 0 0 0 0 0 0 0 0 0 0 46 0 58 25 38 4 9 8 0
0 42 8 0 32 0 47 0 0 0 0 0 0 0 0 0 0 0 0 0 0 0 0 32 0 77 23 0 0 10 0 75 41 8 24 0 0 0
0 100 27 7 18 48 13 0 0 25 0 0 0 31 3 0 0 0 0 27 0 0 42 46 0 0 43 57 0 25 0 16 61 14 59 0 0 9
0 84 53 12 0 26 74 0 0 0 0 0 0 0 0 0 0 0 0 0 0 0 0 11 0 3 0 0 0 12 0 1 0 72 8 0 0 0
0 54 27 18 0 0 9 0 0 0 0 0 0 30 0 0 12 0 0 0 0 3 0 70 0 17 0 0 0 0 0 23 0 100 15 100 100 0
18 97 88 56 39 20 9 1 100 0 0 70 0 0 35 61 1 43 0 0 0 0 73 79 59 18 0 0 0 0 46 22 98 3 47 68 20 0
0 93 87 0 10 100 0 49 0 0 0 29 53 39 0 0 100 0 0 0 100 11 0 29 11 0 72 0 100 0 0 0 0 0 0 0 100 0
0 62 91 0 0 0 34 0 0 0 0 0 0 0 0 0 0 0 78 0 0 0 0 53 0 65 16 0 0 0 0 0 0 0 0 62 46 0
77 91 93 0 62 26 35 0 42 0 0 28 58 18 0 0 69 0 80 0 36 0 56 70 0 31 0 0 0 0 0 0 0 48 0 0 51 0
39 74 75 0 33 16 4 38 0 50 23 0 15 66 0 0 0 0 0 0 0 0 0 42 18 0 16 0 0 30 0 0 0 84 0 0 20 0
0 100 53 0 65 31 0 0 0 0 0 0 15 30 0 0 63 0 0 0 0 0 0 0 20 37 15 0 0 0 0 0 0 0 0 0 66 37
0 64 75 0 51 14 0 21 42 0 0 0 49 25 0 0 0 0 0 0 0 0 0 0 0 25 12 0 0 0 0 0 0 0 0 0 52 0
